NSP data:
Hsp row groups:
Hsp(0): [(0, 0, -0.003, 0, 0), (0, 36, -0.003, 1, 0)]
Hsp(1): [(1, 0, 0.003, 0, 1), (1, 1, -1.000, 1, 0)]
Hsp(2): [(2, 0, 0.003, 0, 2), (2, 1, 0.001, 1, 1), (2, 2, -0.003, 2, 0)]
Hsp(3): [(3, 2, 0.003, 0, 1), (3, 3, -0.003, 1, 0)]
Hsp(4): [(4, 4, -1.000, 0, 0), (4, 5, 0.003, 1, 0), (4, 13, -0.003, 2, 0), (4, 27, -0.003, 3, 0), (4, 47, 0.003, 4, 0), (4, 69, -0.003, 5, 0)]
Hsp(5): [(5, 5, -0.000, 0, 1), (5, 14, -1.000, 1, 0), (5, 27, 0.000, 2, 1), (5, 47, 0.000, 3, 1)]
Hsp(6): [(6, 5, -0.000, 0, 2), (6, 6, -1.000, 1, 0), (6, 11, -0.000, 2, 0), (6, 27, -0.003, 3, 2), (6, 47, -0.000, 4, 2), (6, 49, 0.000, 5, 0), (6, 76, 0.003, 6, 0)]
Hsp(7): [(7, 6, -0.003, 0, 1), (7, 7, 0.003, 1, 0)]
Hsp(8): [(8, 8, 0.003, 0, 0), (8, 14, -0.003, 1, 1)]
Hsp(9): [(9, 7, -0.003, 0, 1), (9, 8, -0.172, 1, 1), (9, 9, 0.013, 2, 0)]
Hsp(10): [(10, 9, -79.689, 0, 1), (10, 10, 79.689, 1, 0), (10, 20, 1.869, 2, 0), (10, 76, -6.580, 3, 1)]
Hsp(11): [(11, 9, 0.013, 0, 2), (11, 11, -0.003, 1, 1)]
Hsp(12): [(12, 5, 0.000, 0, 3), (12, 12, 0.365, 1, 0), (12, 47, -0.003, 2, 3)]
Hsp(13): [(13, 8, 0.232, 0, 2), (13, 13, -0.003, 1, 1), (13, 69, 0.000, 2, 1)]
Hsp(14): [(14, 9, 0.008, 0, 3), (14, 14, -0.071, 1, 2), (14, 15, -0.003, 2, 0)]
Hsp(15): [(15, 15, 0.003, 0, 1), (15, 46, -0.003, 1, 0)]
Hsp(16): [(16, 10, 0.010, 0, 1), (16, 16, -0.003, 1, 0)]
Hsp(17): [(17, 15, 1.649, 0, 2), (17, 17, -1.649, 1, 0), (17, 27, -0.266, 2, 3)]
Hsp(18): [(18, 13, 0.003, 0, 2), (18, 18, -0.003, 1, 0), (18, 69, 0.003, 2, 2)]
Hsp(19): [(19, 4, 0.003, 0, 1), (19, 19, -0.003, 1, 0)]
Hsp(20): [(20, 20, -0.003, 0, 1)]
Hsp(21): [(21, 21, -1.000, 0, 0), (21, 30, -0.003, 1, 0), (21, 34, -0.003, 2, 0), (21, 59, -0.003, 3, 0), (21, 73, 0.003, 4, 0), (21, 79, 0.003, 5, 0)]
Hsp(22): [(22, 22, -1.000, 0, 0), (22, 34, 0.000, 1, 1), (22, 73, -0.000, 2, 1), (22, 79, 0.000, 3, 1)]
Hsp(23): [(23, 23, -1.000, 0, 0), (23, 27, 0.002, 1, 4), (23, 28, -0.000, 2, 0), (23, 34, -0.002, 3, 2), (23, 73, 0.000, 4, 2), (23, 79, 0.000, 5, 2), (23, 81, 0.000, 6, 0)]
Hsp(24): [(24, 23, -0.003, 0, 1), (24, 24, 0.003, 1, 0)]
Hsp(25): [(25, 22, -0.003, 0, 1), (25, 25, 0.003, 1, 0)]
Hsp(26): [(26, 24, -0.003, 0, 1), (26, 25, -0.120, 1, 1), (26, 26, 0.012, 2, 0)]
Hsp(27): [(27, 26, -36.682, 0, 1), (27, 27, -6.580, 1, 5), (27, 33, 36.682, 2, 0), (27, 37, 3.457, 3, 0)]
Hsp(28): [(28, 26, 0.013, 0, 2), (28, 28, -0.003, 1, 1)]
Hsp(29): [(29, 29, 0.232, 0, 0), (29, 73, 0.000, 1, 3), (29, 79, -0.003, 2, 3)]
Hsp(30): [(30, 25, 0.095, 0, 2), (30, 30, 0.000, 1, 1), (30, 59, -0.003, 2, 1)]
Hsp(31): [(31, 22, -0.056, 0, 2), (31, 26, 0.006, 1, 3), (31, 31, -0.003, 2, 0)]
Hsp(32): [(32, 31, 0.003, 0, 1), (32, 32, -0.003, 1, 0)]
Hsp(33): [(33, 17, -0.003, 0, 1), (33, 33, 0.008, 1, 1)]
Hsp(34): [(34, 31, 2.224, 0, 2), (34, 34, -0.274, 1, 3)]
Hsp(35): [(35, 30, 0.003, 0, 2), (35, 35, -0.003, 1, 0), (35, 59, 0.003, 2, 2)]
Hsp(36): [(36, 21, 0.003, 0, 1), (36, 36, -0.003, 1, 1)]
Hsp(37): [(37, 37, -0.003, 0, 1)]
Hsp(38): [(38, 19, -0.003, 0, 1), (38, 38, -0.003, 1, 0)]
Hsp(39): [(39, 38, 0.003, 0, 1), (39, 39, -1.000, 1, 0)]
Hsp(40): [(40, 38, 0.006, 0, 2), (40, 39, 0.004, 1, 1), (40, 40, -0.003, 2, 0)]
Hsp(41): [(41, 40, 0.003, 0, 1), (41, 41, -0.003, 1, 0)]
Hsp(42): [(42, 42, 0.003, 0, 0), (42, 43, -0.003, 1, 0), (42, 53, 0.003, 2, 0)]
Hsp(43): [(43, 42, 0.003, 0, 1), (43, 43, -0.000, 1, 1)]
Hsp(44): [(44, 44, -0.003, 0, 0)]
Hsp(45): [(45, 45, -0.003, 0, 0), (45, 48, 0.003, 1, 0), (45, 52, 0.003, 2, 0)]
Hsp(46): [(46, 41, 0.198, 0, 1), (46, 45, -0.730, 1, 1), (46, 46, -0.673, 2, 1), (46, 50, 0.673, 3, 0)]
Hsp(47): [(47, 47, -0.003, 0, 4), (47, 52, 0.003, 1, 1)]
Hsp(48): [(48, 5, -0.003, 0, 4), (48, 48, 0.003, 1, 1)]
Hsp(49): [(49, 49, -0.003, 0, 1), (49, 54, 0.003, 1, 0)]
Hsp(50): [(50, 50, 0.003, 0, 1), (50, 57, -0.003, 1, 0)]
Hsp(51): [(51, 42, 0.003, 0, 2), (51, 51, -0.003, 1, 0), (51, 53, 0.003, 2, 1)]
Hsp(52): [(52, 42, 0.003, 0, 3), (52, 52, -0.003, 1, 2), (52, 56, -0.003, 2, 0)]
Hsp(53): [(53, 48, -0.003, 0, 2), (53, 53, 0.003, 1, 2), (53, 55, -0.003, 2, 0)]
Hsp(54): [(54, 44, -0.003, 0, 1), (54, 54, 0.003, 1, 1)]
Hsp(55): [(55, 55, 0.003, 0, 1), (55, 56, 0.003, 1, 1)]
Hsp(56): [(56, 56, -0.365, 0, 2)]
Hsp(57): [(57, 51, -0.003, 0, 1), (57, 57, -0.003, 1, 1)]
Hsp(58): [(58, 31, -0.003, 0, 3), (58, 58, -0.003, 1, 0), (58, 83, 0.003, 2, 0)]
Hsp(59): [(59, 30, 0.003, 0, 3), (59, 59, 0.003, 1, 3), (59, 65, -0.003, 2, 0)]
Hsp(60): [(60, 59, 0.003, 0, 4), (60, 60, -0.003, 1, 0), (60, 64, -0.003, 2, 0)]
Hsp(61): [(61, 30, 0.003, 0, 4), (61, 61, -0.003, 1, 0), (61, 63, -0.003, 2, 0)]
Hsp(62): [(62, 24, -0.003, 0, 2), (62, 62, 0.003, 1, 0)]
Hsp(63): [(63, 63, 0.003, 0, 1), (63, 64, 0.003, 1, 1)]
Hsp(64): [(64, 64, -0.095, 0, 2)]
Hsp(65): [(65, 58, -0.001, 0, 1), (65, 65, -0.003, 1, 1)]
Hsp(66): [(66, 15, -0.003, 0, 3), (66, 66, -0.003, 1, 0), (66, 78, 0.003, 2, 0)]
Hsp(67): [(67, 13, 0.003, 0, 3), (67, 67, -0.003, 1, 0), (67, 69, 0.003, 2, 3)]
Hsp(68): [(68, 13, 0.003, 0, 4), (68, 68, -0.003, 1, 0), (68, 72, -0.003, 2, 0)]
Hsp(69): [(69, 69, 0.003, 0, 4), (69, 71, -0.003, 1, 0), (69, 80, -0.003, 2, 0)]
Hsp(70): [(70, 7, -0.003, 0, 2), (70, 70, 0.003, 1, 0)]
Hsp(71): [(71, 71, 0.003, 0, 1), (71, 72, 0.003, 1, 1)]
Hsp(72): [(72, 72, -0.232, 0, 2)]
Hsp(73): [(73, 66, -0.004, 0, 1), (73, 67, -0.003, 1, 1)]
Hsp(74): [(74, 74, -0.003, 0, 0)]
Hsp(75): [(75, 16, -0.147, 0, 1), (75, 74, 0.147, 1, 1), (75, 75, -0.269, 2, 0)]
Hsp(76): [(76, 75, 0.003, 0, 1), (76, 76, -0.003, 1, 2)]
Hsp(77): [(77, 68, 0.003, 0, 1), (77, 77, -0.003, 1, 0), (77, 80, 0.003, 2, 1)]
Hsp(78): [(78, 3, 0.232, 0, 1), (78, 32, -0.232, 1, 1), (78, 77, -0.464, 2, 1), (78, 78, 0.232, 3, 1)]
Hsp(79): [(79, 68, 0.003, 0, 2), (79, 79, -0.003, 1, 4)]
Hsp(80): [(80, 73, -0.003, 0, 4), (80, 80, 0.003, 1, 2)]
Hsp(81): [(81, 70, 0.003, 0, 1), (81, 81, -0.003, 1, 1)]
Hsp(82): [(82, 60, 0.003, 0, 1), (82, 61, 0.003, 1, 1), (82, 82, -0.003, 2, 0)]
Hsp(83): [(83, 82, -0.190, 0, 1), (83, 83, 0.471, 1, 1)]
Hsp(84): [(84, 60, 0.003, 0, 2), (84, 84, -0.003, 1, 0)]
Hsp(85): [(85, 61, 0.003, 0, 2), (85, 85, -0.003, 1, 0)]
Hsp(86): [(86, 62, 0.003, 0, 1), (86, 86, -0.003, 1, 0)]


Vsp column groups:
Vsp(0): [(0, 0, -0.003, 0, 0), (1, 0, 0.003, 0, 1), (2, 0, 0.003, 0, 2)]
Vsp(1): [(1, 1, -1.000, 1, 0), (2, 1, 0.001, 1, 1)]
Vsp(2): [(2, 2, -0.003, 2, 0), (3, 2, 0.003, 0, 1)]
Vsp(3): [(3, 3, -0.003, 1, 0), (78, 3, 0.232, 0, 1)]
Vsp(4): [(4, 4, -1.000, 0, 0), (19, 4, 0.003, 0, 1)]
Vsp(5): [(4, 5, 0.003, 1, 0), (5, 5, -0.000, 0, 1), (6, 5, -0.000, 0, 2), (12, 5, 0.000, 0, 3), (48, 5, -0.003, 0, 4)]
Vsp(6): [(6, 6, -1.000, 1, 0), (7, 6, -0.003, 0, 1)]
Vsp(7): [(7, 7, 0.003, 1, 0), (9, 7, -0.003, 0, 1), (70, 7, -0.003, 0, 2)]
Vsp(8): [(8, 8, 0.003, 0, 0), (9, 8, -0.172, 1, 1), (13, 8, 0.232, 0, 2)]
Vsp(9): [(9, 9, 0.013, 2, 0), (10, 9, -79.689, 0, 1), (11, 9, 0.013, 0, 2), (14, 9, 0.008, 0, 3)]
Vsp(10): [(10, 10, 79.689, 1, 0), (16, 10, 0.010, 0, 1)]
Vsp(11): [(6, 11, -0.000, 2, 0), (11, 11, -0.003, 1, 1)]
Vsp(12): [(12, 12, 0.365, 1, 0)]
Vsp(13): [(4, 13, -0.003, 2, 0), (13, 13, -0.003, 1, 1), (18, 13, 0.003, 0, 2), (67, 13, 0.003, 0, 3), (68, 13, 0.003, 0, 4)]
Vsp(14): [(5, 14, -1.000, 1, 0), (8, 14, -0.003, 1, 1), (14, 14, -0.071, 1, 2)]
Vsp(15): [(14, 15, -0.003, 2, 0), (15, 15, 0.003, 0, 1), (17, 15, 1.649, 0, 2), (66, 15, -0.003, 0, 3)]
Vsp(16): [(16, 16, -0.003, 1, 0), (75, 16, -0.147, 0, 1)]
Vsp(17): [(17, 17, -1.649, 1, 0), (33, 17, -0.003, 0, 1)]
Vsp(18): [(18, 18, -0.003, 1, 0)]
Vsp(19): [(19, 19, -0.003, 1, 0), (38, 19, -0.003, 0, 1)]
Vsp(20): [(10, 20, 1.869, 2, 0), (20, 20, -0.003, 0, 1)]
Vsp(21): [(21, 21, -1.000, 0, 0), (36, 21, 0.003, 0, 1)]
Vsp(22): [(22, 22, -1.000, 0, 0), (25, 22, -0.003, 0, 1), (31, 22, -0.056, 0, 2)]
Vsp(23): [(23, 23, -1.000, 0, 0), (24, 23, -0.003, 0, 1)]
Vsp(24): [(24, 24, 0.003, 1, 0), (26, 24, -0.003, 0, 1), (62, 24, -0.003, 0, 2)]
Vsp(25): [(25, 25, 0.003, 1, 0), (26, 25, -0.120, 1, 1), (30, 25, 0.095, 0, 2)]
Vsp(26): [(26, 26, 0.012, 2, 0), (27, 26, -36.682, 0, 1), (28, 26, 0.013, 0, 2), (31, 26, 0.006, 1, 3)]
Vsp(27): [(4, 27, -0.003, 3, 0), (5, 27, 0.000, 2, 1), (6, 27, -0.003, 3, 2), (17, 27, -0.266, 2, 3), (23, 27, 0.002, 1, 4), (27, 27, -6.580, 1, 5)]
Vsp(28): [(23, 28, -0.000, 2, 0), (28, 28, -0.003, 1, 1)]
Vsp(29): [(29, 29, 0.232, 0, 0)]
Vsp(30): [(21, 30, -0.003, 1, 0), (30, 30, 0.000, 1, 1), (35, 30, 0.003, 0, 2), (59, 30, 0.003, 0, 3), (61, 30, 0.003, 0, 4)]
Vsp(31): [(31, 31, -0.003, 2, 0), (32, 31, 0.003, 0, 1), (34, 31, 2.224, 0, 2), (58, 31, -0.003, 0, 3)]
Vsp(32): [(32, 32, -0.003, 1, 0), (78, 32, -0.232, 1, 1)]
Vsp(33): [(27, 33, 36.682, 2, 0), (33, 33, 0.008, 1, 1)]
Vsp(34): [(21, 34, -0.003, 2, 0), (22, 34, 0.000, 1, 1), (23, 34, -0.002, 3, 2), (34, 34, -0.274, 1, 3)]
Vsp(35): [(35, 35, -0.003, 1, 0)]
Vsp(36): [(0, 36, -0.003, 1, 0), (36, 36, -0.003, 1, 1)]
Vsp(37): [(27, 37, 3.457, 3, 0), (37, 37, -0.003, 0, 1)]
Vsp(38): [(38, 38, -0.003, 1, 0), (39, 38, 0.003, 0, 1), (40, 38, 0.006, 0, 2)]
Vsp(39): [(39, 39, -1.000, 1, 0), (40, 39, 0.004, 1, 1)]
Vsp(40): [(40, 40, -0.003, 2, 0), (41, 40, 0.003, 0, 1)]
Vsp(41): [(41, 41, -0.003, 1, 0), (46, 41, 0.198, 0, 1)]
Vsp(42): [(42, 42, 0.003, 0, 0), (43, 42, 0.003, 0, 1), (51, 42, 0.003, 0, 2), (52, 42, 0.003, 0, 3)]
Vsp(43): [(42, 43, -0.003, 1, 0), (43, 43, -0.000, 1, 1)]
Vsp(44): [(44, 44, -0.003, 0, 0), (54, 44, -0.003, 0, 1)]
Vsp(45): [(45, 45, -0.003, 0, 0), (46, 45, -0.730, 1, 1)]
Vsp(46): [(15, 46, -0.003, 1, 0), (46, 46, -0.673, 2, 1)]
Vsp(47): [(4, 47, 0.003, 4, 0), (5, 47, 0.000, 3, 1), (6, 47, -0.000, 4, 2), (12, 47, -0.003, 2, 3), (47, 47, -0.003, 0, 4)]
Vsp(48): [(45, 48, 0.003, 1, 0), (48, 48, 0.003, 1, 1), (53, 48, -0.003, 0, 2)]
Vsp(49): [(6, 49, 0.000, 5, 0), (49, 49, -0.003, 0, 1)]
Vsp(50): [(46, 50, 0.673, 3, 0), (50, 50, 0.003, 0, 1)]
Vsp(51): [(51, 51, -0.003, 1, 0), (57, 51, -0.003, 0, 1)]
Vsp(52): [(45, 52, 0.003, 2, 0), (47, 52, 0.003, 1, 1), (52, 52, -0.003, 1, 2)]
Vsp(53): [(42, 53, 0.003, 2, 0), (51, 53, 0.003, 2, 1), (53, 53, 0.003, 1, 2)]
Vsp(54): [(49, 54, 0.003, 1, 0), (54, 54, 0.003, 1, 1)]
Vsp(55): [(53, 55, -0.003, 2, 0), (55, 55, 0.003, 0, 1)]
Vsp(56): [(52, 56, -0.003, 2, 0), (55, 56, 0.003, 1, 1), (56, 56, -0.365, 0, 2)]
Vsp(57): [(50, 57, -0.003, 1, 0), (57, 57, -0.003, 1, 1)]
Vsp(58): [(58, 58, -0.003, 1, 0), (65, 58, -0.001, 0, 1)]
Vsp(59): [(21, 59, -0.003, 3, 0), (30, 59, -0.003, 2, 1), (35, 59, 0.003, 2, 2), (59, 59, 0.003, 1, 3), (60, 59, 0.003, 0, 4)]
Vsp(60): [(60, 60, -0.003, 1, 0), (82, 60, 0.003, 0, 1), (84, 60, 0.003, 0, 2)]
Vsp(61): [(61, 61, -0.003, 1, 0), (82, 61, 0.003, 1, 1), (85, 61, 0.003, 0, 2)]
Vsp(62): [(62, 62, 0.003, 1, 0), (86, 62, 0.003, 0, 1)]
Vsp(63): [(61, 63, -0.003, 2, 0), (63, 63, 0.003, 0, 1)]
Vsp(64): [(60, 64, -0.003, 2, 0), (63, 64, 0.003, 1, 1), (64, 64, -0.095, 0, 2)]
Vsp(65): [(59, 65, -0.003, 2, 0), (65, 65, -0.003, 1, 1)]
Vsp(66): [(66, 66, -0.003, 1, 0), (73, 66, -0.004, 0, 1)]
Vsp(67): [(67, 67, -0.003, 1, 0), (73, 67, -0.003, 1, 1)]
Vsp(68): [(68, 68, -0.003, 1, 0), (77, 68, 0.003, 0, 1), (79, 68, 0.003, 0, 2)]
Vsp(69): [(4, 69, -0.003, 5, 0), (13, 69, 0.000, 2, 1), (18, 69, 0.003, 2, 2), (67, 69, 0.003, 2, 3), (69, 69, 0.003, 0, 4)]
Vsp(70): [(70, 70, 0.003, 1, 0), (81, 70, 0.003, 0, 1)]
Vsp(71): [(69, 71, -0.003, 1, 0), (71, 71, 0.003, 0, 1)]
Vsp(72): [(68, 72, -0.003, 2, 0), (71, 72, 0.003, 1, 1), (72, 72, -0.232, 0, 2)]
Vsp(73): [(21, 73, 0.003, 4, 0), (22, 73, -0.000, 2, 1), (23, 73, 0.000, 4, 2), (29, 73, 0.000, 1, 3), (80, 73, -0.003, 0, 4)]
Vsp(74): [(74, 74, -0.003, 0, 0), (75, 74, 0.147, 1, 1)]
Vsp(75): [(75, 75, -0.269, 2, 0), (76, 75, 0.003, 0, 1)]
Vsp(76): [(6, 76, 0.003, 6, 0), (10, 76, -6.580, 3, 1), (76, 76, -0.003, 1, 2)]
Vsp(77): [(77, 77, -0.003, 1, 0), (78, 77, -0.464, 2, 1)]
Vsp(78): [(66, 78, 0.003, 2, 0), (78, 78, 0.232, 3, 1)]
Vsp(79): [(21, 79, 0.003, 5, 0), (22, 79, 0.000, 3, 1), (23, 79, 0.000, 5, 2), (29, 79, -0.003, 2, 3), (79, 79, -0.003, 1, 4)]
Vsp(80): [(69, 80, -0.003, 2, 0), (77, 80, 0.003, 2, 1), (80, 80, 0.003, 1, 2)]
Vsp(81): [(23, 81, 0.000, 6, 0), (81, 81, -0.003, 1, 1)]
Vsp(82): [(82, 82, -0.003, 2, 0), (83, 82, -0.190, 0, 1)]
Vsp(83): [(58, 83, 0.003, 2, 0), (83, 83, 0.471, 1, 1)]
Vsp(84): [(84, 84, -0.003, 1, 0)]
Vsp(85): [(85, 85, -0.003, 1, 0)]
Vsp(86): [(86, 86, -0.003, 1, 0)]
Matrix size: 30276
Total NSP structure size: 13496
