NSP data:
Hsp row groups:
Hsp(0): [(0, 84, -0.003, 0, 0), (0, 86, -0.003, 1, 0)]
Hsp(1): [(1, 0, -1.000, 0, 0), (1, 84, 0.003, 1, 1)]
Hsp(2): [(2, 0, 0.001, 0, 1), (2, 83, -0.003, 1, 0), (2, 84, 0.003, 2, 2)]
Hsp(3): [(3, 83, 0.003, 0, 1), (3, 85, -0.003, 1, 0)]
Hsp(4): [(4, 3, -1.000, 0, 0), (4, 72, -0.003, 1, 0), (4, 75, -0.003, 2, 0), (4, 76, -0.003, 3, 0), (4, 81, 0.003, 4, 0), (4, 82, 0.003, 5, 0)]
Hsp(5): [(5, 1, -1.000, 0, 0), (5, 72, 0.000, 1, 1), (5, 81, -0.000, 2, 1), (5, 82, 0.000, 3, 1)]
Hsp(6): [(6, 2, -1.000, 0, 0), (6, 66, -0.000, 1, 0), (6, 72, -0.003, 2, 2), (6, 78, 0.003, 3, 0), (6, 80, 0.000, 4, 0), (6, 81, -0.000, 5, 2), (6, 82, -0.000, 6, 2)]
Hsp(7): [(7, 2, -0.003, 0, 1), (7, 74, 0.003, 1, 0)]
Hsp(8): [(8, 1, -0.003, 0, 1), (8, 67, 0.003, 1, 0)]
Hsp(9): [(9, 65, 0.013, 0, 0), (9, 67, -0.172, 1, 1), (9, 74, -0.003, 2, 1)]
Hsp(10): [(10, 63, 1.869, 0, 0), (10, 64, 79.689, 1, 0), (10, 65, -79.689, 2, 1), (10, 78, -6.580, 3, 1)]
Hsp(11): [(11, 65, 0.013, 0, 2), (11, 66, -0.003, 1, 1)]
Hsp(12): [(12, 68, 0.365, 0, 0), (12, 81, 0.000, 1, 3), (12, 82, -0.003, 2, 3)]
Hsp(13): [(13, 67, 0.232, 0, 2), (13, 75, 0.000, 1, 1), (13, 76, -0.003, 2, 1)]
Hsp(14): [(14, 1, -0.071, 0, 2), (14, 65, 0.008, 1, 3), (14, 73, -0.003, 2, 0)]
Hsp(15): [(15, 73, 0.003, 0, 1), (15, 79, -0.003, 1, 0)]
Hsp(16): [(16, 64, 0.010, 0, 1), (16, 77, -0.003, 1, 0)]
Hsp(17): [(17, 71, -1.649, 0, 0), (17, 72, -0.266, 1, 3), (17, 73, 1.649, 2, 2)]
Hsp(18): [(18, 69, -0.003, 0, 0), (18, 75, 0.003, 1, 2), (18, 76, 0.003, 2, 2)]
Hsp(19): [(19, 3, 0.003, 0, 1), (19, 70, -0.003, 1, 0)]
Hsp(20): [(20, 63, -0.003, 0, 1)]
Hsp(21): [(21, 6, -1.000, 0, 0), (21, 56, 0.003, 1, 0), (21, 57, 0.003, 2, 0), (21, 58, -0.003, 3, 0), (21, 61, -0.003, 4, 0), (21, 62, -0.003, 5, 0)]
Hsp(22): [(22, 4, -1.000, 0, 0), (22, 56, -0.000, 1, 1), (22, 57, 0.000, 2, 1), (22, 58, 0.000, 3, 1)]
Hsp(23): [(23, 5, -1.000, 0, 0), (23, 50, -0.000, 1, 0), (23, 55, 0.000, 2, 0), (23, 56, 0.000, 3, 2), (23, 57, 0.000, 4, 2), (23, 58, -0.002, 5, 2), (23, 72, 0.002, 6, 4)]
Hsp(24): [(24, 5, -0.003, 0, 1), (24, 60, 0.003, 1, 0)]
Hsp(25): [(25, 4, -0.003, 0, 1), (25, 51, 0.003, 1, 0)]
Hsp(26): [(26, 49, 0.012, 0, 0), (26, 51, -0.120, 1, 1), (26, 60, -0.003, 2, 1)]
Hsp(27): [(27, 47, 3.457, 0, 0), (27, 48, 36.682, 1, 0), (27, 49, -36.682, 2, 1), (27, 72, -6.580, 3, 5)]
Hsp(28): [(28, 49, 0.013, 0, 2), (28, 50, -0.003, 1, 1)]
Hsp(29): [(29, 52, 0.232, 0, 0), (29, 56, 0.000, 1, 3), (29, 57, -0.003, 2, 3)]
Hsp(30): [(30, 51, 0.095, 0, 2), (30, 61, 0.000, 1, 1), (30, 62, -0.003, 2, 1)]
Hsp(31): [(31, 4, -0.056, 0, 2), (31, 49, 0.006, 1, 3), (31, 59, -0.003, 2, 0)]
Hsp(32): [(32, 54, -0.003, 0, 0), (32, 59, 0.003, 1, 1)]
Hsp(33): [(33, 48, 0.008, 0, 1), (33, 71, -0.003, 1, 1)]
Hsp(34): [(34, 58, -0.274, 0, 3), (34, 59, 2.224, 1, 2)]
Hsp(35): [(35, 53, -0.003, 0, 0), (35, 61, 0.003, 1, 2), (35, 62, 0.003, 2, 2)]
Hsp(36): [(36, 6, 0.003, 0, 1), (36, 86, -0.003, 1, 1)]
Hsp(37): [(37, 47, -0.003, 0, 1)]
Hsp(38): [(38, 45, -0.003, 0, 0), (38, 70, -0.003, 1, 1)]
Hsp(39): [(39, 7, -1.000, 0, 0), (39, 45, 0.003, 1, 1)]
Hsp(40): [(40, 7, 0.004, 0, 1), (40, 44, -0.003, 1, 0), (40, 45, 0.006, 2, 2)]
Hsp(41): [(41, 44, 0.003, 0, 1), (41, 46, -0.003, 1, 0)]
Hsp(42): [(42, 40, -0.003, 0, 0), (42, 42, 0.003, 1, 0), (42, 43, 0.003, 2, 0)]
Hsp(43): [(43, 40, -0.000, 0, 1), (43, 43, 0.003, 1, 1)]
Hsp(44): [(44, 41, -0.003, 0, 0)]
Hsp(45): [(45, 35, -0.003, 0, 0), (45, 38, 0.003, 1, 0), (45, 39, 0.003, 2, 0)]
Hsp(46): [(46, 35, -0.730, 0, 1), (46, 36, 0.673, 1, 0), (46, 46, 0.198, 2, 1), (46, 79, -0.673, 3, 1)]
Hsp(47): [(47, 39, 0.003, 0, 1), (47, 82, -0.003, 1, 4)]
Hsp(48): [(48, 38, 0.003, 0, 1), (48, 81, -0.003, 1, 4)]
Hsp(49): [(49, 37, 0.003, 0, 0), (49, 80, -0.003, 1, 1)]
Hsp(50): [(50, 31, -0.003, 0, 0), (50, 36, 0.003, 1, 1)]
Hsp(51): [(51, 32, -0.003, 0, 0), (51, 42, 0.003, 1, 1), (51, 43, 0.003, 2, 2)]
Hsp(52): [(52, 34, -0.003, 0, 0), (52, 39, -0.003, 1, 2), (52, 43, 0.003, 2, 3)]
Hsp(53): [(53, 33, -0.003, 0, 0), (53, 38, -0.003, 1, 2), (53, 42, 0.003, 2, 2)]
Hsp(54): [(54, 37, 0.003, 0, 1), (54, 41, -0.003, 1, 1)]
Hsp(55): [(55, 33, 0.003, 0, 1), (55, 34, 0.003, 1, 1)]
Hsp(56): [(56, 34, -0.365, 0, 2)]
Hsp(57): [(57, 31, -0.003, 0, 1), (57, 32, -0.003, 1, 1)]
Hsp(58): [(58, 23, -0.003, 0, 0), (58, 27, 0.003, 1, 0), (58, 59, -0.003, 2, 3)]
Hsp(59): [(59, 24, -0.003, 0, 0), (59, 61, 0.003, 1, 3), (59, 62, 0.003, 2, 3)]
Hsp(60): [(60, 26, -0.003, 0, 0), (60, 30, -0.003, 1, 0), (60, 62, 0.003, 2, 4)]
Hsp(61): [(61, 25, -0.003, 0, 0), (61, 29, -0.003, 1, 0), (61, 61, 0.003, 2, 4)]
Hsp(62): [(62, 28, 0.003, 0, 0), (62, 60, -0.003, 1, 2)]
Hsp(63): [(63, 25, 0.003, 0, 1), (63, 26, 0.003, 1, 1)]
Hsp(64): [(64, 26, -0.095, 0, 2)]
Hsp(65): [(65, 23, -0.001, 0, 1), (65, 24, -0.003, 1, 1)]
Hsp(66): [(66, 15, -0.003, 0, 0), (66, 19, 0.003, 1, 0), (66, 73, -0.003, 2, 3)]
Hsp(67): [(67, 16, -0.003, 0, 0), (67, 75, 0.003, 1, 3), (67, 76, 0.003, 2, 3)]
Hsp(68): [(68, 18, -0.003, 0, 0), (68, 22, -0.003, 1, 0), (68, 76, 0.003, 2, 4)]
Hsp(69): [(69, 17, -0.003, 0, 0), (69, 21, -0.003, 1, 0), (69, 75, 0.003, 2, 4)]
Hsp(70): [(70, 20, 0.003, 0, 0), (70, 74, -0.003, 1, 2)]
Hsp(71): [(71, 17, 0.003, 0, 1), (71, 18, 0.003, 1, 1)]
Hsp(72): [(72, 18, -0.232, 0, 2)]
Hsp(73): [(73, 15, -0.004, 0, 1), (73, 16, -0.003, 1, 1)]
Hsp(74): [(74, 13, -0.003, 0, 0)]
Hsp(75): [(75, 13, 0.147, 0, 1), (75, 14, -0.269, 1, 0), (75, 77, -0.147, 2, 1)]
Hsp(76): [(76, 14, 0.003, 0, 1), (76, 78, -0.003, 1, 2)]
Hsp(77): [(77, 12, -0.003, 0, 0), (77, 21, 0.003, 1, 1), (77, 22, 0.003, 2, 1)]
Hsp(78): [(78, 12, -0.464, 0, 1), (78, 19, 0.232, 1, 1), (78, 54, -0.232, 2, 1), (78, 85, 0.232, 3, 1)]
Hsp(79): [(79, 22, 0.003, 0, 2), (79, 57, -0.003, 1, 4)]
Hsp(80): [(80, 21, 0.003, 0, 2), (80, 56, -0.003, 1, 4)]
Hsp(81): [(81, 20, 0.003, 0, 1), (81, 55, -0.003, 1, 1)]
Hsp(82): [(82, 8, -0.003, 0, 0), (82, 29, 0.003, 1, 1), (82, 30, 0.003, 2, 1)]
Hsp(83): [(83, 8, -0.190, 0, 1), (83, 27, 0.471, 1, 1)]
Hsp(84): [(84, 11, -0.003, 0, 0), (84, 30, 0.003, 1, 2)]
Hsp(85): [(85, 10, -0.003, 0, 0), (85, 29, 0.003, 1, 2)]
Hsp(86): [(86, 9, -0.003, 0, 0), (86, 28, 0.003, 1, 1)]


Vsp column groups:
Vsp(0): [(1, 0, -1.000, 0, 0), (2, 0, 0.001, 0, 1)]
Vsp(1): [(5, 1, -1.000, 0, 0), (8, 1, -0.003, 0, 1), (14, 1, -0.071, 0, 2)]
Vsp(2): [(6, 2, -1.000, 0, 0), (7, 2, -0.003, 0, 1)]
Vsp(3): [(4, 3, -1.000, 0, 0), (19, 3, 0.003, 0, 1)]
Vsp(4): [(22, 4, -1.000, 0, 0), (25, 4, -0.003, 0, 1), (31, 4, -0.056, 0, 2)]
Vsp(5): [(23, 5, -1.000, 0, 0), (24, 5, -0.003, 0, 1)]
Vsp(6): [(21, 6, -1.000, 0, 0), (36, 6, 0.003, 0, 1)]
Vsp(7): [(39, 7, -1.000, 0, 0), (40, 7, 0.004, 0, 1)]
Vsp(8): [(82, 8, -0.003, 0, 0), (83, 8, -0.190, 0, 1)]
Vsp(9): [(86, 9, -0.003, 0, 0)]
Vsp(10): [(85, 10, -0.003, 0, 0)]
Vsp(11): [(84, 11, -0.003, 0, 0)]
Vsp(12): [(77, 12, -0.003, 0, 0), (78, 12, -0.464, 0, 1)]
Vsp(13): [(74, 13, -0.003, 0, 0), (75, 13, 0.147, 0, 1)]
Vsp(14): [(75, 14, -0.269, 1, 0), (76, 14, 0.003, 0, 1)]
Vsp(15): [(66, 15, -0.003, 0, 0), (73, 15, -0.004, 0, 1)]
Vsp(16): [(67, 16, -0.003, 0, 0), (73, 16, -0.003, 1, 1)]
Vsp(17): [(69, 17, -0.003, 0, 0), (71, 17, 0.003, 0, 1)]
Vsp(18): [(68, 18, -0.003, 0, 0), (71, 18, 0.003, 1, 1), (72, 18, -0.232, 0, 2)]
Vsp(19): [(66, 19, 0.003, 1, 0), (78, 19, 0.232, 1, 1)]
Vsp(20): [(70, 20, 0.003, 0, 0), (81, 20, 0.003, 0, 1)]
Vsp(21): [(69, 21, -0.003, 1, 0), (77, 21, 0.003, 1, 1), (80, 21, 0.003, 0, 2)]
Vsp(22): [(68, 22, -0.003, 1, 0), (77, 22, 0.003, 2, 1), (79, 22, 0.003, 0, 2)]
Vsp(23): [(58, 23, -0.003, 0, 0), (65, 23, -0.001, 0, 1)]
Vsp(24): [(59, 24, -0.003, 0, 0), (65, 24, -0.003, 1, 1)]
Vsp(25): [(61, 25, -0.003, 0, 0), (63, 25, 0.003, 0, 1)]
Vsp(26): [(60, 26, -0.003, 0, 0), (63, 26, 0.003, 1, 1), (64, 26, -0.095, 0, 2)]
Vsp(27): [(58, 27, 0.003, 1, 0), (83, 27, 0.471, 1, 1)]
Vsp(28): [(62, 28, 0.003, 0, 0), (86, 28, 0.003, 1, 1)]
Vsp(29): [(61, 29, -0.003, 1, 0), (82, 29, 0.003, 1, 1), (85, 29, 0.003, 1, 2)]
Vsp(30): [(60, 30, -0.003, 1, 0), (82, 30, 0.003, 2, 1), (84, 30, 0.003, 1, 2)]
Vsp(31): [(50, 31, -0.003, 0, 0), (57, 31, -0.003, 0, 1)]
Vsp(32): [(51, 32, -0.003, 0, 0), (57, 32, -0.003, 1, 1)]
Vsp(33): [(53, 33, -0.003, 0, 0), (55, 33, 0.003, 0, 1)]
Vsp(34): [(52, 34, -0.003, 0, 0), (55, 34, 0.003, 1, 1), (56, 34, -0.365, 0, 2)]
Vsp(35): [(45, 35, -0.003, 0, 0), (46, 35, -0.730, 0, 1)]
Vsp(36): [(46, 36, 0.673, 1, 0), (50, 36, 0.003, 1, 1)]
Vsp(37): [(49, 37, 0.003, 0, 0), (54, 37, 0.003, 0, 1)]
Vsp(38): [(45, 38, 0.003, 1, 0), (48, 38, 0.003, 0, 1), (53, 38, -0.003, 1, 2)]
Vsp(39): [(45, 39, 0.003, 2, 0), (47, 39, 0.003, 0, 1), (52, 39, -0.003, 1, 2)]
Vsp(40): [(42, 40, -0.003, 0, 0), (43, 40, -0.000, 0, 1)]
Vsp(41): [(44, 41, -0.003, 0, 0), (54, 41, -0.003, 1, 1)]
Vsp(42): [(42, 42, 0.003, 1, 0), (51, 42, 0.003, 1, 1), (53, 42, 0.003, 2, 2)]
Vsp(43): [(42, 43, 0.003, 2, 0), (43, 43, 0.003, 1, 1), (51, 43, 0.003, 2, 2), (52, 43, 0.003, 2, 3)]
Vsp(44): [(40, 44, -0.003, 1, 0), (41, 44, 0.003, 0, 1)]
Vsp(45): [(38, 45, -0.003, 0, 0), (39, 45, 0.003, 1, 1), (40, 45, 0.006, 2, 2)]
Vsp(46): [(41, 46, -0.003, 1, 0), (46, 46, 0.198, 2, 1)]
Vsp(47): [(27, 47, 3.457, 0, 0), (37, 47, -0.003, 0, 1)]
Vsp(48): [(27, 48, 36.682, 1, 0), (33, 48, 0.008, 0, 1)]
Vsp(49): [(26, 49, 0.012, 0, 0), (27, 49, -36.682, 2, 1), (28, 49, 0.013, 0, 2), (31, 49, 0.006, 1, 3)]
Vsp(50): [(23, 50, -0.000, 1, 0), (28, 50, -0.003, 1, 1)]
Vsp(51): [(25, 51, 0.003, 1, 0), (26, 51, -0.120, 1, 1), (30, 51, 0.095, 0, 2)]
Vsp(52): [(29, 52, 0.232, 0, 0)]
Vsp(53): [(35, 53, -0.003, 0, 0)]
Vsp(54): [(32, 54, -0.003, 0, 0), (78, 54, -0.232, 2, 1)]
Vsp(55): [(23, 55, 0.000, 2, 0), (81, 55, -0.003, 1, 1)]
Vsp(56): [(21, 56, 0.003, 1, 0), (22, 56, -0.000, 1, 1), (23, 56, 0.000, 3, 2), (29, 56, 0.000, 1, 3), (80, 56, -0.003, 1, 4)]
Vsp(57): [(21, 57, 0.003, 2, 0), (22, 57, 0.000, 2, 1), (23, 57, 0.000, 4, 2), (29, 57, -0.003, 2, 3), (79, 57, -0.003, 1, 4)]
Vsp(58): [(21, 58, -0.003, 3, 0), (22, 58, 0.000, 3, 1), (23, 58, -0.002, 5, 2), (34, 58, -0.274, 0, 3)]
Vsp(59): [(31, 59, -0.003, 2, 0), (32, 59, 0.003, 1, 1), (34, 59, 2.224, 1, 2), (58, 59, -0.003, 2, 3)]
Vsp(60): [(24, 60, 0.003, 1, 0), (26, 60, -0.003, 2, 1), (62, 60, -0.003, 1, 2)]
Vsp(61): [(21, 61, -0.003, 4, 0), (30, 61, 0.000, 1, 1), (35, 61, 0.003, 1, 2), (59, 61, 0.003, 1, 3), (61, 61, 0.003, 2, 4)]
Vsp(62): [(21, 62, -0.003, 5, 0), (30, 62, -0.003, 2, 1), (35, 62, 0.003, 2, 2), (59, 62, 0.003, 2, 3), (60, 62, 0.003, 2, 4)]
Vsp(63): [(10, 63, 1.869, 0, 0), (20, 63, -0.003, 0, 1)]
Vsp(64): [(10, 64, 79.689, 1, 0), (16, 64, 0.010, 0, 1)]
Vsp(65): [(9, 65, 0.013, 0, 0), (10, 65, -79.689, 2, 1), (11, 65, 0.013, 0, 2), (14, 65, 0.008, 1, 3)]
Vsp(66): [(6, 66, -0.000, 1, 0), (11, 66, -0.003, 1, 1)]
Vsp(67): [(8, 67, 0.003, 1, 0), (9, 67, -0.172, 1, 1), (13, 67, 0.232, 0, 2)]
Vsp(68): [(12, 68, 0.365, 0, 0)]
Vsp(69): [(18, 69, -0.003, 0, 0)]
Vsp(70): [(19, 70, -0.003, 1, 0), (38, 70, -0.003, 1, 1)]
Vsp(71): [(17, 71, -1.649, 0, 0), (33, 71, -0.003, 1, 1)]
Vsp(72): [(4, 72, -0.003, 1, 0), (5, 72, 0.000, 1, 1), (6, 72, -0.003, 2, 2), (17, 72, -0.266, 1, 3), (23, 72, 0.002, 6, 4), (27, 72, -6.580, 3, 5)]
Vsp(73): [(14, 73, -0.003, 2, 0), (15, 73, 0.003, 0, 1), (17, 73, 1.649, 2, 2), (66, 73, -0.003, 2, 3)]
Vsp(74): [(7, 74, 0.003, 1, 0), (9, 74, -0.003, 2, 1), (70, 74, -0.003, 1, 2)]
Vsp(75): [(4, 75, -0.003, 2, 0), (13, 75, 0.000, 1, 1), (18, 75, 0.003, 1, 2), (67, 75, 0.003, 1, 3), (69, 75, 0.003, 2, 4)]
Vsp(76): [(4, 76, -0.003, 3, 0), (13, 76, -0.003, 2, 1), (18, 76, 0.003, 2, 2), (67, 76, 0.003, 2, 3), (68, 76, 0.003, 2, 4)]
Vsp(77): [(16, 77, -0.003, 1, 0), (75, 77, -0.147, 2, 1)]
Vsp(78): [(6, 78, 0.003, 3, 0), (10, 78, -6.580, 3, 1), (76, 78, -0.003, 1, 2)]
Vsp(79): [(15, 79, -0.003, 1, 0), (46, 79, -0.673, 3, 1)]
Vsp(80): [(6, 80, 0.000, 4, 0), (49, 80, -0.003, 1, 1)]
Vsp(81): [(4, 81, 0.003, 4, 0), (5, 81, -0.000, 2, 1), (6, 81, -0.000, 5, 2), (12, 81, 0.000, 1, 3), (48, 81, -0.003, 1, 4)]
Vsp(82): [(4, 82, 0.003, 5, 0), (5, 82, 0.000, 3, 1), (6, 82, -0.000, 6, 2), (12, 82, -0.003, 2, 3), (47, 82, -0.003, 1, 4)]
Vsp(83): [(2, 83, -0.003, 1, 0), (3, 83, 0.003, 0, 1)]
Vsp(84): [(0, 84, -0.003, 0, 0), (1, 84, 0.003, 1, 1), (2, 84, 0.003, 2, 2)]
Vsp(85): [(3, 85, -0.003, 1, 0), (78, 85, 0.232, 3, 1)]
Vsp(86): [(0, 86, -0.003, 1, 0), (36, 86, -0.003, 1, 1)]
Matrix size: 30276
Total NSP structure size: 13496
